102.134438
102.134438
102.134438
102.134438
101.933899
101.933899
101.199615
101.016891
101.016891
100.952789
96.059151
95.987656
95.987656
95.966934
95.966934
95.966934
95.966934
95.966934
95.966934
95.966934
95.466949
95.466949
95.443878
94.609558
94.609558
94.609558
94.609558
93.673904
93.673904
93.673904
93.673904
92.704758
92.704758
92.704758
92.704758
92.704758
92.704758
92.704758
92.704758
92.417389
92.417389
92.346176
92.346176
92.346176
91.99025
91.50177
90.948456
90.948456
90.948456
90.948456
90.948456
90.948456
90.635239
90.635239
90.635239
90.635239
90.635239
90.599976
90.599976
90.599976
90.599976
90.599976
90.599976
90.599976
90.599976
90.599976
90.540009
90.540009
90.540009
90.540009
90.540009
90.540009
90.540009
90.540009
89.748512
89.071213
88.524017
88.347198
88.347198
87.977272
87.977272
87.956398
87.10849
87.10849
87.10849
87.10849
87.10849
87.10849
86.933685
86.933685
86.933685
86.879227
86.879227
86.649818
86.283127
86.283127
86.283127
86.283127
86.283127
85.388992
85.366966
85.366966
85.366966
85.366966
85.366966
85.338646
85.338646
85.338646
85.053062
85.053062
85.053062
84.838463
84.838463
84.680847
84.398018
84.398018
84.398018
84.398018
84.072868
84.072868
83.395523
83.395523
83.395523
83.395523
83.395523
83.249794
83.249794
82.461655
82.456482
82.456482
82.456482
82.456482
82.456482
82.456482
82.456482
82.456482
82.441803
82.441803
82.441803
82.441803
82.417976
82.417976
82.417976
82.417976
82.417976
81.994736
81.994736
81.499176
81.499176
81.446526
81.446526
81.446526
81.446526
81.446526
81.446526
80.470062
80.470062
80.470062
79.754486
79.528976
79.528976
79.528976
79.528976
79.528976
79.528976
79.528976
79.528976
79.42926
79.42926
79.42926
79.148468
79.148468
79.148468
79.148468
79.129608
79.129608
79.129608
79.129608
79.129608
79.129608
79.129608
79.129608
79.129608
79.129608
79.129608
77.818352
77.818352
77.818352
77.472687
77.472687
77.472687
77.472687
77.472687
77.179741
77.157272
76.57267
76.57267
76.57267
76.416481
76.416481
76.416481
76.293488
76.245499
76.245499
76.150024
76.150024
76.039833
76.039833
75.777222
75.777222
75.775627
75.775627
75.547073
75.535423
75.480415
75.480415
75.480415
75.179344
75.179344
75.131172
75.131172
75.112923
74.991722
74.991722
74.991722
74.580978
74.580978
74.580978
74.580978
74.37468
74.264297
74.264297
74.239471
74.239471
73.811554
73.411865
73.411865
73.411865
73.411865
73.411865
73.411865
72.845673
72.284431
72.284431
71.313545
71.313545
71.287857
71.12323
71.070152
71.035347
71.035347
71.035347
71.035347
70.726562
70.726562
70.726562
70.637939
70.152908
70.152908
70.152908
70.152908
70.152908
70.152908
70.122375
68.273354
68.273354
68.230125
68.230125
67.825768
67.825768
67.778519
67.038254
67.038254
66.999695
66.722717
66.598633
66.598633
66.580338
66.315125
66.315125
66.315125
66.109566
66.109566
66.109566
66.109566
66.109566
66.109566
66.109566
66.109566
66.109566
66.109566
65.706131
65.651291
65.651291
65.651291
65.651291
65.651291
65.651291
65.651291
64.570641
64.570641
64.570641
64.451523
64.261948
64.261948
64.261948
64.261948
64.261948
63.60228
63.432999
63.432999
63.432999
63.432999
63.432999
63.432999
63.432999
63.432999
63.432999
63.432999
63.320717
63.320717
63.230461
63.230461
63.230461
63.230461
63.230461
63.230461
63.230461
62.855621
62.855621
62.816803
62.816803
62.816803
62.816803
62.816803
62.313122
62.313122
62.313122
62.262321
62.262321
62.262321
62.262321
62.262321
60.401745
59.214783
59.214783
59.214783
59.214783
59.02
59.02
59.02
59.02
59.02
59.02
58.725925
58.66074
58.209343
58.209343
58.177849
58.177849
58.177849
58.177849
58.177849
58.177849
58.177849
58.177849
58.177849
58.175453
58.175453
57.979122
57.711731
57.696133
57.696133
56.960213
56.960213
56.960213
56.36314
56.36314
56.36314
56.36314
56.176403
56.176403
56.176403
56.176403
56.176403
56.145737
56.145737
56.145737
56.145737
56.145737
55.964622
55.964622
55.964622
55.964622
55.616596
55.488907
55.244263
55.244263
55.189346
55.189346
55.189346
54.887344
54.887344
54.887344
54.887344
54.449226
54.449226
54.449226
54.432156
54.432156
54.432156
54.432156
54.432156
54.432156
54.432156
54.432156
54.432156
54.432156
54.432156
54.432156
54.298843
54.170982
54.170982
54.170982
54.170982
54.170982
53.486534
53.486534
52.868824
52.868824
52.421146
52.421146
50.35844
50.35844
50.35844
50.35844
50.35844
50.35807
50.35807
50.35807
50.35807
50.35807
50.350967
50.169647
50.169647
50.169647
50.169647
50.169647
50.169647
50.169647
50.169647
50.169647
50.103989
50.103989
49.757099
49.757099
49.757099
49.710491
49.707302
49.707302
49.707302
49.707302
49.707302
49.707302
49.707302
49.707302
49.65826
49.570335
49.570335
49.570335
49.395023
49.379189
49.379189
49.379189
49.379189
49.379189
49.379189
49.319744
49.319744
49.319744
49.319744
49.319744
49.319744
49.319744
49.319744
49.319744
48.552483
48.552483
48.552483
48.462421
48.165257
48.165257
48.157494
48.157494
48.157494
48.153316
48.153316
48.136726
48.136726
48.136726
48.136726
48.136726
48.136726
48.136726
48.136059
48.098892
48.098892
48.098892
48.098892
48.039116
48.039116
48.034126
48.034126
48.034126
48.034126
48.034126
48.034126
48.034126
48.034126
48.01403
48.01403
47.763363
47.763363
47.763363
47.688293
47.688293
47.688293
47.688293
47.688293
47.688293
47.688293
47.631157
47.631157
47.631157
47.631157
47.631157
47.631157
47.475407
47.274956
47.274956
47.274956
47.273777
46.741127
46.741127
46.741127
46.665848
46.665848
46.665848
46.665848
46.665848
46.639999
46.639999
46.639999
46.453617
46.277172
46.277172
46.277172
45.202396
45.202396
45.202396
45.122765
45.087662
45.055511
45.055511
45.052307
45.052307
45.052307
45.052307
45.046242
45.046242
45.046242
45.046242
45.046242
45.046242
44.601173
44.601173
44.601173
44.601173
44.601173
44.601173
43.689323
43.600937
43.414608
43.414608
43.400299
43.400299
43.400299
43.400299
43.400299
43.400299
43.400299
43.400299
43.216911
43.216911
43.216911
43.216911
43.216911
43.180763
43.180763
43.180763
43.140217
43.140217
43.140217
43.140217
43.140217
43.140217
43.105843
43.105843
43.105843
43.105843
43.105843
43.105843
42.821239
42.821239
42.821239
42.821239
42.821239
42.821239
42.821239
42.821239
42.821239
42.575119
42.427071
42.427071
42.427071
42.427071
42.427071
42.427071
42.427071
42.427071
42.427071
42.427071
42.335052
42.308327
42.308327
42.308327
42.308327
42.308327
42.308327
42.308327
42.308327
41.971092
41.971092
41.971092
41.971092
41.971092
41.971092
41.927776
41.927776
41.927776
41.891594
41.891594
41.888153
41.888153
41.888153
41.888153
41.888153
41.888153
41.888153
41.886108
41.886108
41.886108
41.886108
41.826221
41.812595
41.721962
41.721962
41.721962
41.721962
41.721962
41.721962
41.685677
41.553856
41.550644
41.550644
41.550644
41.550644
41.550644
41.550644
41.46051
41.46051
41.46051
41.284885
41.232288
41.232288
41.232288
41.232288
41.232288
41.046864
40.743805
40.393311
40.324833
40.324833
40.324833
40.293808
40.293808
40.246296
40.246296
40.246296
40.246296
40.246296
40.246296
40.161011
40.105766
40.060486
40.060486
40.04525
39.980438
39.980438
39.823338
39.823338
39.823338
39.583054
39.583054
39.583054
39.583054
39.583054
39.518471
39.518471
39.480827
39.480827
39.480827
39.299458
39.299458
39.299458
39.285091
39.278973
39.256474
38.941277
38.899254
38.899254
38.818996
38.818996
38.818996
38.818996
38.818996
38.818996
38.818996
38.818996
38.808151
38.808151
38.808151
38.561893
38.543861
38.543861
38.543861
38.543861
38.543861
38.472435
38.472435
38.472435
38.472435
38.472435
38.472435
38.472435
38.472435
38.454342
38.454342
38.454342
38.454342
38.454342
38.454342
38.454342
38.454342
38.454342
38.454342
38.454342
38.454342
38.454342
38.345116
38.345116
38.310688
38.288708
38.288708
37.674248
37.674248
37.674248
37.674248
37.674248
37.674248
37.526974
37.526974
37.526974
37.387928
37.387928
37.275822
37.272057
36.974174
36.974174
36.808445
36.808445
36.739166
36.739166
36.716251
36.716251
36.635929
36.635929
36.635929
36.635929
36.635929
36.635929
36.635929
36.509911
36.509911
36.509911
36.509911
36.509911
36.509911
36.509911
36.509911
36.509911
36.500519
36.500519
36.500519
36.500519
36.500519
36.500519
36.500519
36.500519
36.43454
36.43454
36.43454
36.43454
36.43454
36.43454
36.336441
36.336441
36.336441
36.336441
36.336441
36.336441
36.336441
36.336441
36.336441
36.336441
36.336441
36.336441
36.291054
36.291054
36.280411
36.09927
36.09927
36.091568
36.091568
36.091568
36.091568
36.091568
36.091568
36.091568
36.091568
36.091568
36.091568
36.083576
36.083576
36.083576
36.035507
36.027557
35.982422
35.970097
35.970097
35.970097
35.970097
35.970097
35.970097
35.968292
35.968292
35.960217
35.960217
35.960217
35.960217
35.908485
35.901131
35.866615
35.866615
35.866615
35.866615
35.866615
35.866615
35.866615
35.866615
35.866615
35.866615
35.866615
35.866615
35.866615
35.866615
35.866615
35.866615
35.866615
35.720257
35.720257
35.720257
35.720257
35.720257
35.718285
35.67181
35.551514
35.551514
35.551514
35.551514
35.551514
35.551514
35.551514
35.551514
35.551514
35.551514
35.551514
35.551514
35.521168
35.521168
35.516689
35.516689
35.516689
35.49501
35.49501
35.49501
35.49501
35.077732
34.833271
34.833271
34.646324
34.632061
34.632061
33.93124
33.93124
33.93124
33.93124
33.93124
33.93124
33.925556
33.775047
33.775047
33.694077
33.694077
33.694077
33.694077
33.694077
33.694077
33.694077
33.694077
33.676041
33.676041
33.676041
33.669174
33.664867
33.664867
33.63747
33.63747
33.55946
33.55946
33.55946
33.55946
33.55946
33.55946
33.55946
33.55946
33.555584
33.354645
33.339821
33.339821
33.32122
33.18705
33.175606
32.994835
32.994835
32.994835
32.994835
32.994835
32.994759
32.994759
32.994759
32.809937
32.809937
32.809937
32.809937
32.789673
32.789673
32.789673
32.789673
32.789673
32.789673
32.789673
32.786774
32.779518
32.779518
32.779518
32.736984
32.736984
32.615112
32.615112
32.615112
32.615112
32.615112
32.583839
32.465919
32.465919
32.465919
32.462891
32.440002
32.440002
32.440002
32.440002
32.440002
32.407974
32.407974
32.407974
32.407974
32.407974
32.407974
32.407974
32.407974
32.407974
32.407974
32.297901
32.297901
32.297901
32.297901
32.297901
32.202244
32.108356
32.108356
32.108356
31.965981
31.965981
31.965981
31.965981
31.965981
31.915562
31.915562
31.915562
31.898335
31.898335
31.898335
31.898335
31.855024
31.67437
31.67437
31.661091
31.661091
31.661091
31.661091
31.661091
31.456345
31.456345
31.447321
31.445063
31.445063
31.432411
31.432411
31.432411
31.432411
31.432411
31.432411
31.432411
31.432411
31.377014
31.377014
31.36418
31.36418
31.36418
31.36418
31.33672
31.33672
31.33672
31.331951
31.331951
31.331951
31.329683
31.26062
31.245663
31.245663
31.245663
31.245663
31.245663
31.245663
31.23596
31.23596
31.22308
31.22308
31.22308
31.218868
31.218868
31.218868
31.218868
31.218868
31.218868
31.217493
31.217493
31.217493
30.988449
30.988449
30.988449
30.988449
30.988449
30.988449
30.988449
30.96941
30.96941
30.947344
30.947344
30.936543
30.936543
30.936543
30.936543
30.928257
30.832375
30.832375
30.802197
30.781418
30.781418
30.781418
30.781418
30.760254
30.760254
30.760254
30.760254
30.760254
30.608891
30.608891
30.608891
30.608891
30.578999
30.578999
30.578999
30.578999
30.578999
30.532055
30.404442
30.404442
30.387884
30.387884
30.387884
30.387884
30.387884
30.382469
30.258963
30.258963
30.258963
30.258963
30.258963
30.258963
30.258963
30.258171
30.258171
30.258171
30.258171
30.258171
30.258171
30.258171
30.258171
30.258171
30.25808
30.222649
30.146177
30.145702
29.989609
29.986259
29.986259
29.986259
29.986259
29.986259
29.941917
29.941917
29.941917
29.941917
29.777069
29.777069
29.777069
29.764786
29.624668
29.624668
29.624668
29.624668
29.624199
29.624199
29.62323
29.619602
29.619602
29.619602
29.619602
29.590176
29.590176
29.590176
29.59017
29.59017
29.59017
29.59017
29.59017
29.545876
29.489697
29.405609
29.405609
29.405609
29.373993
29.373993
29.338192
29.322702
29.162434
29.162434
29.162434
29.106346
29.106346
29.066624
29.066624
29.066624
28.959629
28.959629
28.864803
28.82933
28.82933
28.82933
28.82933
28.82933
28.82933
28.82933
28.821808
28.819118
28.819118
28.819118
28.819118
28.815285
28.815285
28.662819
28.661989
28.636444
28.636444
28.636444
28.631489
28.562691
28.562691
28.562691
28.562691
28.562691
28.562691
28.537167
28.537167
28.526859
28.526859
28.444441
28.444441
28.414589
28.413963
28.413963
28.413963
28.413963
28.405361
28.405361
28.405361
28.382061
28.382061
28.378159
28.350555
28.340555
28.340555
28.340555
28.335878
28.328819
28.328819
28.328819
28.328819
28.328819
28.328819
28.228416
28.228416
28.228416
28.224823
28.097462
27.614738
27.614738
27.614738
27.614738
27.614738
27.611778
27.240742
27.240742
27.240742
27.240742
27.240742
27.240742
27.240742
27.132725
27.039158
27.039158
27.039158
27.039158
27.039158
27.038193
27.038193
27.035763
26.909916
26.909916
26.909916
26.880445
26.880445
26.880445
26.880445
26.880445
26.880445
26.880445
26.880445
26.880445
26.880445
26.880445
26.880445
26.880445
26.880445
26.880445
26.880445
26.880445
26.880445
26.859209
26.859209
26.859209
26.859209
26.803196
26.796824
26.7243
26.722628
26.722628
26.722628
26.701309
26.700478
26.700478
26.700478
26.700478
26.700478
26.700478
26.653555
26.653555
26.545708
26.50292
26.50292
26.474915
26.474915
26.474915
26.463524
26.461819
26.461819
26.439627
26.439627
26.439627
26.439627
26.403671
26.403671
26.359182
26.326555
26.326555
26.262732
26.262732
26.240345
26.240345
26.240345
26.240345
26.240345
26.240345
26.240345
26.176167
26.176167
26.129723
26.129723
26.129723
26.129723
26.129723
26.129723
26.123108
26.123108
26.123108
26.123108
26.11853
26.11853
26.11853
26.108646
26.107265
26.102613
26.102613
26.102613
26.032379
26.032379
26.032379
26.029024
25.892715
25.892715
25.892715
25.892715
25.886448
25.886448
25.886448
25.849827
25.849827
25.841608
25.841608
25.841608
25.822554
25.794048
25.794048
25.789837
25.789837
25.789837
25.789837
25.789837
25.789837
25.789837
25.789837
25.789837
25.789837
25.789837
25.789837
25.711617
25.698101
25.698101
25.698101
25.698101
25.698101
25.698101
25.698101
25.698101
25.176197
25.176197
25.176197
25.176197
25.176197
25.171886
25.171886
25.171886
25.126305
25.126305
25.126305
25.126305
25.126305
25.062733
25.062733
25.032806
25.032806
25.032806
25.032806
25.014534
25.014534
25.014534
25.014534
25.014534
25.014534
25.014534
25.012119
25.012119
24.975628
24.975628
24.975628
24.975628
24.975628
24.975628
24.975628
24.975628
24.975628
24.975628
24.954258
24.954258
24.954258
24.954258
24.953388
24.953388
24.953388
24.953388
24.953388
24.953388
24.953388
24.953388
24.951635
24.926283
24.926283
24.926283
24.926283
24.926283
24.923363
24.849503
24.849503
24.849503
24.849503
24.849503
24.849503
24.849503
24.849186
24.834129
24.834129
24.826988
24.813438
24.813438
24.813438
24.813438
24.813438
24.813438
24.813438
24.784605
24.784605
24.784605
24.784605
24.784605
24.780422
24.780422
24.780422
24.753181
24.753181
24.753181
24.753031
24.753031
24.733223
24.632639
24.632639
24.632639
24.628834
24.624821
24.624821
24.624821
24.610834
24.610834
24.607327
24.607327
24.607327
24.607327
24.607327
24.607327
24.607327
24.607327
24.607327
24.607327
24.607327
24.57122
24.540154
24.539467
24.539467
24.539467
24.539467
24.539467
24.539467
24.539467
24.539467
24.539467
24.539467
24.539021
24.539021
24.539021
24.539021
24.538502
24.538502
24.524796
24.524796
24.524796
24.524796
24.5149
24.5149
24.5149
24.294527
24.294527
24.286709
24.286709
24.286709
24.284601
24.284601
24.284601
24.284601
24.264793
24.24958
24.24958
24.24958
24.249271
24.249271
24.249271
24.249271
24.249271
24.249271
24.249271
24.245689
24.245689
24.245689
24.230043
24.230043
24.227827
24.227827
24.209793
24.208498
24.194902
24.144619
24.144619
24.144619
24.128807
24.128807
24.128807
24.118004
24.118004
24.118004
24.118004
24.118004
24.118004
24.118004
24.118004
24.118004
24.118004
24.118004
24.118004
24.115686
24.115686
24.115686
24.115686
24.086725
24.086725
24.085649
24.082335
24.082335
24.082335
24.082335
24.079414
24.066622
24.066622
24.066622
24.066622
24.066622
24.066622
24.032591
24.032591
24.032591
24.032591
24.007687
24.007687
24.007687
24.007687
23.937004
23.937004
23.937004
23.921589
23.921589
23.921589
23.921589
23.921589
23.921589
23.921589
23.921589
23.909369
23.898481
23.898481
23.898481
23.898481
23.893515
23.893515
23.893515
23.891136
23.891136
23.887135
23.887135
23.865398
23.861214
23.861214
23.861214
23.861214
23.85247
23.85247
23.85247
23.85247
23.85247
23.85247
23.85247
23.85247
23.85247
23.846739
23.846739
23.846739
23.846739
23.835663
23.835663
23.754887
23.754887
23.754887
23.75178
23.75178
23.75178
23.75178
23.75178
23.75178
23.75178
23.75178
23.75178
23.75178
23.750891
23.750891
23.750891
23.749754
23.749754
23.128017
23.128017
23.128017
23.128017
23.094574
23.094574
23.094574
23.094574
23.093767
23.093767
23.093767
23.09016
23.09016
23.09016
23.09016
23.082399
23.082399
23.082399
23.082399
23.082399
23.082399
23.082399
23.082399
23.082399
23.082399
23.082399
23.082399
23.082399
23.078156
23.06271
23.06271
23.06271
23.020163
23.020163
23.020163
23.016338
23.016338
23.016338
23.012146
23.012146
23.012146
23.012146
23.012146
22.965916
22.965916
22.965916
22.965916
22.965916
22.862728
22.862728
22.862728
22.860403
22.849426
22.849426
22.849426
22.849426
22.849426
22.849426
22.849426
22.832623
22.832623
22.832623
22.82708
22.82708
22.82708
22.82708
22.82708
22.81287
22.811607
22.811607
22.811607
22.811607
22.811607
22.811607
22.811607
22.811607
22.806793
22.806793
22.806793
22.806793
22.806793
22.806633
22.806633
22.806633
22.806633
22.806116
22.806116
22.806116
22.790691
22.790691
22.790691
22.790691
22.790691
22.790691
22.790691
22.790691
22.790691
22.789364
22.789364
22.789364
22.763134
22.763134
22.763134
22.763134
22.763134
22.763134
22.763134
22.748497
22.726503
22.726503
22.726503
22.726503
22.726503
22.709198
22.708057
22.708057
22.708057
22.669672
22.669672
22.654463
22.654463
22.654463
22.654463
22.654463
22.654463
22.654463
22.654463
22.654463
22.654463
22.654463
22.654463
22.654463
22.654463
22.654463
22.620523
22.620523
22.620523
22.620523
22.618675
22.618675
22.598618
22.598618
22.596931
22.573246
22.573246
22.573246
22.573246
22.573246
22.573246
22.573246
22.56872
22.56872
22.56872
22.527636
22.527636
22.527636
22.527636
22.527636
22.527636
22.527636
22.525057
22.525057
22.522282
22.522282
22.516562
22.516562
22.516562
22.516562
22.512026
22.512026
22.512026
22.512026
22.512026
22.512026
22.509134
22.509134
22.509134
22.509134
22.50905
22.502048
22.490406
22.474628
22.474628
22.474628
22.474628
22.474628
22.474628
22.474628
22.474628
22.474628
22.474628
22.474628
22.470999
22.470999
22.470999
22.470999
22.433571
22.430363
22.430363
22.421082
22.417175
22.417175
22.417175
22.417175
22.417175
22.417175
22.412006
22.412006
22.346195
22.346195
22.342888
22.342888
22.342888
22.342888
22.342888
22.337566
22.33602
22.33602
22.33602
22.33602
22.33602
22.33602
22.33602
22.310505
22.299061
22.288807
22.288807
22.288807
22.20945
22.20945
22.20945
22.184734
22.184734
22.184734
22.184734
22.184734
22.183743
22.183743
22.183743
22.181383
22.181383
22.181383
22.181383
22.092579
22.092579
22.092579
22.092579
22.065536
22.065536
22.065536
22.065536
22.065536
22.065536
22.063231
22.063231
22.063231
22.063231
22.063231
22.063231
22.063231
22.049072
22.030319
22.029329
22.027313
22.027313
22.027313
22.027313
21.996788
21.996788
21.996788
21.996788
21.979429
21.979429
21.979429
21.979429
21.97485
21.973484
21.973484
21.973484
21.943993
21.943993
21.943993
21.943993
21.659809
21.659809
21.171223
21.171223
21.171223
21.171223
21.157061
21.157061
21.157061
21.157061
20.850361
20.850361
20.850361
20.850361
20.850361
20.850361
20.849554
20.83217
20.83217
20.83217
20.825254
20.817244
20.817244
20.817244
20.817244
20.817244
20.817244
20.817244
20.817244
20.816412
20.816412
20.816412
