0.577326
0.124510
0.064063
0.040802
0.184394
0.184394
0.456353
0.184394
0.789055
0.955856
1.000000
0.064063
1.000000
0.064063
0.225083
0.000000
0.270575
0.000000
0.212813
0.378450
0.811344
0.064063
0.364237
0.064063
0.000000
0.118783
0.016613
0.518808
1.000000
0.922977
0.482575
0.739343
0.259230
0.036098
0.855023
0.334288
0.506193
0.000000
0.888223
1.000000
0.722078
0.180476
0.000000
0.064063
0.420940
0.000000
0.128126
0.086833
0.528653
0.118824
0.094201
0.000000
0.000000
0.361562
0.430172
0.291246
0.189123
0.184394
0.849420
1.000000
0.432131
0.234907
0.833222
0.378450
0.221163
0.064063
0.093224
0.000000
1.000000
0.137082
0.001596
0.092075
0.687082
0.486778
0.336183
0.502772
0.936375
0.064063
0.345097
0.679685
0.389188
0.522569
0.474705
0.000000
0.000000
0.000000
0.000000
0.026698
0.415814
0.140360
0.035374
0.060368
0.249506
0.064063
0.117265
0.683616
0.000000
0.249952
0.073705
0.715032
0.734885
0.126232
0.000000
0.000000
0.811344
0.428390
0.064063
0.749713
0.611388
0.212998
0.602981
0.237065
0.738145
0.184394
0.064063
0.000000
0.129555
0.283449
0.000000
0.040056
0.000000
0.284862
0.489688
0.958556
0.780470
0.663802
0.676802
0.514920
0.420884
0.690169
0.499104
0.152362
0.208673
0.195980
0.212878
0.000000
0.050479
0.181106
0.578722
0.189806
0.000000
0.017156
0.064063
0.000000
0.463192
0.192189
0.758461
0.290445
0.064063
0.037159
0.000000
0.000000
1.000000
0.000000
0.000000
0.202961
0.000000
0.000000
0.000000
0.379923
0.000000
0.227833
0.000000
0.250048
0.370888
0.569865
0.692027
0.536900
0.973021
0.613012
0.947985
0.983149
0.184394
0.215701
0.030059
0.179565
0.453530
0.237065
0.847820
0.209196
